0,0.0333334,0.0167502,0.0490153,0.101254,0,0.031543,0,0,0,0.100586,0,0.0889043,0.0742203,0.0215245,0,0,0,0.0465122,0,0.0730508,0,0,0.0917762,0,0.0449075,0,0,0.0493571,0,0,0,0.0657297,0,0,0,0,0,0,0,0,0,0.087402,0.0865772,0.069757,0.0578133,0.0784189,0.0739794,0.0778619,0.0868042,0.0699573,0.0601042,0,0.142723,0,0.140791,0,0,0,0.0580277,0.0479692,0,0.0556975,0,0,0,0,0,0.0254401,0,0.00877457,0,0.0299647,0,0.0893407,0,0.0923287,0.0489807,0.0368059,0,0,0,0,0,0.0561724,0,0.0113367,0,0,0,0.0152912,0,0,0,0.0670483,0,0.0585219,0,0,0,0.0748268,0,0.115901,0.196996,0.294652,0,0.135665,0,0.0856164,0,0.0287174,0,0,0,0.017689,0.0258481,0.0143933,0.0255193,0,0,0,0,0.0591051,0.0577877,0.0897663,0,0,0.0835269,0.0486459,0.0380459,0,0,0,0,0,0,0,0,0,0,0,0,0.0820423,0,0.0366242,0,0.0397779,0,0,0,0,0,0.0941577,0,0,0.0556437,0,0.038313,0.0343953,0.080838,0.0536801,0.0614038,0,0.0194748,0,0.111207,0,0,0.0381214,0.0232673,0,0.0726851,0,0.0607756,0,0.0162087,0,0.0174064,0,0.00836312,0,0.0405583,0,0,0
0.0333334,0,0.0156115,0.0457852,0,0.116779,0,0.0224123,0,0,0,0.108207,0.0832758,0.0694506,0,0,0,0,0,0,0,0.047964,0,0,0.0652344,0,0,0.0434707,0,0.0326112,0,0.181679,0,0.113332,0,0.0533863,0,0,0,0.132217,0,0,0.0818601,0.0810829,0.0652539,0.0540364,0.0734007,0.069224,0.0728766,0.0812968,0.0654422,0,0.0878643,0,0.0890611,0,0.124311,0,0,0,0,0,0,0.06999,0,0,0,0,0,0.0377389,0,0,0,0.0259397,0.0836871,0,0.086504,0.0457528,0.0343514,0.0417088,0,0,0,0,0,0.0613089,0,0.0211173,0,0.0425371,0,0.0320123,0,0.0151331,0,0.0641134,0,0.0572913,0,0,0.0700211,0.076404,0,0.18592,0,0.16881,0,0.144454,0.0801778,0,0,0.0481965,0,0,0.0164875,0.024106,0,0,0.0130667,0,0,0,0,0.0540124,0,0.0289024,0.0108625,0,0.0454391,0.0355117,0,0,0,0,0,0.112085,0,0,0,0,0,0,0,0.0881178,0,0,0,0.0223196,0.0603893,0,0,0,0.0882289,0.0474607,0.0620837,0,0.0502848,0.0357617,0.0320962,0.0756778,0.0501589,0,0.0589325,0,0.055245,0,0.0886114,0.0617849,0,0,0.0394691,0,0.0128696,0,0.0643375,0,0.0261889,0,0.0274792,0,0.00839998,0,0,0,0
0.0167502,0.0156115,0,0.0231557,0,0,0.0147584,0,0,0,0,0,0,0,0,0,0.0191303,0.032307,0,0,0,0,0.0282033,0.0444102,0,0.0211669,0,0,0,0.0163812,0,0,0,0,0.0123094,0,0.0374794,0,0,0,0,0,0.0421887,0.041771,0,0,0.0376608,0,0.0373816,0,0.0334375,0.02857,0.0454271,0,0,0,0.0655351,0.0537178,0.0257714,0,0,0,0,0,0,0,0,0,0.0118632,0,0.00405474,0,0.0140078,0,0.0431719,0,0.0446916,0.0231389,0,0,0.0192937,0,0.0356792,0,0.0266426,0,0,0,0.0684619,0,0,0,0.0131003,0,0,0,0,0,0,0,0,0,0.0568638,0,0,0,0,0,0.041285,0,0.0134155,0,0,0,0,0,0,0.0119007,0,0.0671517,0.0555081,0.0169145,0,0,0,0,0.00539608,0,0.0229765,0.0178648,0.0363607,0.0405242,0.033884,0.0162385,0,0,0,0,0.0298889,0,0,0,0.0394816,0,0.0171838,0.00793284,0.018696,0.0111525,0.0307744,0,0,0.0229795,0,0,0.0316659,0.0263841,0,0,0.0161182,0.0388756,0.0254252,0.029209,0.0300092,0.00905192,0,0,0.0458315,0.0315086,0.0179011,0,0,0,0,0.0289,0,0,0,0,0,0,0,0.019071,0.0384446,0,0
0.0490153,0.0457852,0.0231557,0,0,0,0,0.0331325,0,0,0,0,0,0,0,0.0532411,0,0.0917426,0,0,0,0,0.0807188,0,0.0944577,0,0.104059,0.063608,0,0,0,0,0,0,0,0.0777435,0,0.049829,0,0,0,0,0.117594,0.116521,0,0,0.105868,0.100043,0,0.116817,0,0,0,0.188087,0,0.185674,0.175043,0.146577,0.0741041,0.0789509,0,0,0,0,0,0,0,0,0,0.0553747,0,0.0114654,0,0.0382809,0.120115,0.135122,0.123992,0.0668733,0,0,0,0,0,0.0391553,0,0,0,0,0,0.0622701,0,0,0,0.0224514,0,0,0,0,0,0,0,0,0.154274,0.254489,0,0,0,0.201515,0.11527,0,0,0.0703618,0,0,0,0,0,0,0.0194054,0.178844,0.150968,0.0494802,0,0,0,0,0.0161495,0,0.0664248,0.0521632,0.102464,0,0.095933,0.0475656,0,0,0,0.0359928,0,0,0.0627168,0,0,0.126208,0.0502415,0,0.0545014,0.0329968,0.0876457,0.128915,0,0,0.126361,0.0693123,0,0,0,0.0525239,0,0.109034,0,0.0834364,0,0,0.0803782,0.148287,0,0.0896112,0.0522652,0,0,0,0,0,0.0931992,0,0.038644,0,0,0,0,0.055554,0,0,0
0.101254,0,0,0,0,0.301667,0.0901347,0,0.328232,0,0.253815,0,0.228866,0.196039,0.0627117,0,0,0,0.1292,0,0.193351,0.141337,0,0,0,0,0,0.129284,0.136379,0.0992109,0.325492,0,0.176266,0,0.0761447,0,0,0,0,0,0.175053,0.164074,0,0,0.18572,0,0,0,0,0,0,0,0,0.33615,0,0,0,0,0,0,0.132886,0,0.15211,0,0.0877978,0.125147,0.113481,0,0,0,0,0,0,0,0,0,0,0,0,0.124497,0,0,0,0,0,0,0,0,0,0,0,0,0,0,0,0,0.159,0,0,0,0,0,0,0,0,0.398873,0,0,0,0,0.0825076,0,0.303809,0,0,0,0.0425279,0.0737743,0,0.322522,0.279884,0.102161,0.160414,0,0.230741,0,0.0346367,0,0.134592,0,0,0,0,0,0,0,0,0,0,0,0,0,0,0,0,0,0,0,0,0,0,0,0,0,0,0.151978,0,0.108077,0,0.211042,0,0.165957,0,0.0569684,0,0,0,0.17706,0,0,0,0,0,0.164447,0,0.0477201,0,0,0,0.0250097,0,0,0,0,0
0,0.116779,0,0,0.301667,0,0,0.0862808,0,0.478119,0,0.333227,0.272279,0,0,0.13417,0,0,0,0.144237,0,0.171847,0,0,0,0,0,0.157671,0.166026,0.121919,0,0.477652,0,0.344888,0,0.188502,0,0,0,0,0.211053,0.198359,0,0.266557,0,0.190466,0,0,0.244575,0,0,0,0.284055,0,0,0,0,0,0,0,0,0.187137,0,0.236623,0,0.152784,0.138951,0,0,0,0,0,0,0,0.273346,0,0,0,0,0,0,0,0,0,0,0,0,0,0,0,0,0,0,0,0,0,0,0.200199,0,0,0,0.254135,0,0,0,0.455487,0,0,0,0,0,0.172571,0,0.335448,0,0,0,0,0.0517117,0,0.328848,0.12545,0,0.190394,0,0,0.0432745,0,0,0,0,0,0,0,0,0,0,0,0,0,0,0,0,0,0,0,0,0,0,0,0,0,0,0,0,0,0,0,0.120169,0,0.178647,0,0.205044,0,0.1941,0,0,0,0.131917,0,0,0,0,0,0,0,0.0997216,0,0,0,0.0337145,0,0,0,0
0.031543,0,0.0147584,0,0.0901347,0,0,0.0211957,0,0,0.0895333,0,0.0790223,0,0.018976,0,0,0.0600004,0.0411295,0,0.0648056,0,0.0525701,0.0816036,0,0,0,0.0411591,0.0436602,0.0308584,0.122429,0,0.0582589,0,0,0,0.069289,0,0.109708,0,0,0,0.0776727,0.076932,0.0618587,0,0.0696133,0.0656368,0.0691142,0,0.0620379,0.0532363,0,0.127697,0.0845393,0.125939,0,0,0,0,0.0424254,0,0.0493068,0,0.0270721,0.0397132,0,0,0.0224386,0,0,0,0.0264439,0,0.0794144,0,0,0,0.0325082,0.039487,0.03625,0,0.0660659,0,0,0,0,0,0.123201,0,0,0,0.024751,0,0,0,0.0518249,0,0,0,0,0.0724737,0,0,0.268644,0,0.121277,0,0.0760693,0,0.0253393,0,0,0,0.0155873,0.0227996,0.0126782,0.0225087,0,0.12098,0,0,0.052345,0,0.0797969,0,0.0102663,0,0,0,0,0,0,0,0,0,0,0,0,0,0,0,0.072862,0,0,0,0,0,0.0572317,0,0,0,0.0837455,0,0,0.0492588,0,0,0,0.071782,0,0.054396,0,0.0171648,0,0,0,0,0,0,0,0,0,0,0,0.0142804,0,0.0153378,0,0.0073612,0,0,0,0,0
0,0.0224123,0,0.0331325,0,0.0862808,0.0211957,0,0,0,0.0692086,0.0797457,0.060924,0.0506047,0,0,0,0,0,0.0283955,0,0,0.0402652,0,0.0474742,0,0,0,0,0.0235094,0,0.136858,0,0.0836493,0,0.0387182,0,0.0244447,0.0852323,0.0981354,0,0,0,0.0592816,0.0474887,0.0391971,0.0535446,0.0504363,0,0,0,0.0407822,0.0643674,0.0996571,0.065267,0.0982417,0,0,0,0,0,0.0383867,0,0.0510058,0,0.0303214,0,0,0,0.0272463,0,0,0,0.018664,0,0,0,0,0.0247763,0.030147,0,0.029174,0,0.0190992,0,0.0445665,0,0,0,0.030753,0,0.0230737,0,0.0108547,0,0,0,0.0415974,0,0,0.0510289,0.0557844,0,0,0,0.126672,0,0.107609,0.0586043,0,0,0.0349017,0,0,0.0118308,0.0173355,0.00961586,0,0.00936696,0,0,0,0,0,0,0.0208134,0.00778197,0,0,0,0,0,0,0,0,0,0,0,0,0,0,0,0,0.0645579,0,0.0114275,0,0,0,0.0660424,0,0,0,0,0,0,0,0,0.0231347,0.0552425,0.0363435,0,0.0428095,0,0.0400878,0,0,0,0,0,0,0,0.00922514,0,0.0468093,0,0.0188446,0,0,0,0.00601353,0,0,0,0
0,0,0,0,0.328232,0,0,0,0,0.5089,0.326613,0,0.297359,0,0,0,0.155347,0.239445,0.17462,0.160117,0.254726,0,0,0,0,0,0,0,0.18379,0.135732,0,0,0.23379,0,0.105166,0,0,0,0,0,0.232293,0,0,0,0,0,0,0,0.268043,0,0,0,0,0,0,0,0,0,0,0,0.179336,0,0.2037,0,0.12068,0.169419,0,0.0971944,0,0,0.0369727,0,0,0,0,0,0,0,0,0,0,0,0,0,0,0,0.0473748,0,0.409349,0,0,0,0.111251,0,0,0,0,0,0,0,0,0,0,0,0,0,0,0,0,0,0.113656,0,0.383574,0,0,0,0.0595627,0,0,0.404347,0,0,0,0,0,0,0.0486713,0,0.181512,0,0,0,0,0,0.269599,0,0,0,0,0,0,0,0,0,0,0,0,0,0,0,0,0,0,0,0,0,0,0,0,0,0,0,0,0,0,0,0,0,0,0,0,0,0,0.21914,0,0.0666898,0,0,0,0,0,0,0.273799,0,0
0,0,0,0,0,0.478119,0,0,0.5089,0,0,0.456741,0,0.340865,0,0,0.21479,0.318917,0,0.220908,0,0.258757,0,0,0,0,0,0,0.250884,0.189351,0,0,0,0.46968,0.14879,0.280977,0,0,0,0,0.31036,0.293919,0,0,0,0,0,0,0,0,0,0,0,0,0,0,0,0,0,0,0,0.279173,0,0.342736,0.16952,0.232763,0.213514,0,0,0,0,0,0,0,0,0,0,0,0,0,0,0,0,0,0,0,0,0,0,0,0,0,0,0,0,0,0,0,0,0,0,0,0,0,0,0,0,0,0,0,0,0,0,0.459219,0,0,0.0860897,0,0,0,0.451839,0,0,0,0,0,0.0707124,0,0,0,0,0,0,0,0,0.466574,0,0,0,0,0,0,0,0,0,0,0,0,0,0,0.163205,0,0,0,0,0,0,0,0,0,0,0,0,0,0,0,0,0,0,0,0,0,0,0,0.322699,0,0,0,0,0,0,0,0,0,0
0.100586,0,0,0,0.253815,0,0.0895333,0.0692086,0.326613,0,0,0.282393,0.22757,0.194882,0.0622807,0,0,0.17977,0.128375,0,0.192206,0.140447,0.160033,0,0,0,0,0,0.135515,0.0985555,0.323879,0,0.175201,0.293058,0.0756288,0.154626,0.203585,0,0.297318,0.33072,0,0,0.224302,0,0,0.156305,0,0,0,0.222996,0.185074,0.161829,0,0,0,0.330986,0,0,0,0,0.132041,0,0.151163,0.19619,0.0872104,0.124344,0,0,0,0,0,0,0,0,0,0,0,0,0.103438,0.123697,0,0,0,0,0,0,0,0,0,0,0,0,0,0,0,0,0,0,0,0,0,0,0,0,0,0,0.321526,0.353837,0,0,0,0,0,0,0,0,0,0.0732732,0,0,0,0.101488,0,0,0,0,0.0343916,0,0,0,0,0,0,0,0,0,0,0,0,0,0,0,0.212502,0,0,0,0,0,0,0,0,0,0,0,0,0.151032,0,0,0,0,0,0,0,0.0565745,0,0,0,0,0,0,0,0,0,0,0,0,0,0,0,0,0,0,0,0,0
0,0.108207,0,0,0,0.333227,0,0.0797457,0,0.456741,0.282393,0,0,0.22003,0,0.124502,0.129844,0,0,0.133955,0,0.159966,0,0,0,0,0,0,0.154472,0.113018,0,0.456276,0,0.325749,0,0.175713,0,0.117088,0.330262,0.365441,0,0,0,0.250104,0,0,0.230424,0,0,0,0,0,0,0,0,0,0,0,0.168324,0,0.150597,0.174421,0.171874,0.221461,0.100193,0.141994,0,0,0,0,0,0,0,0.0914522,0,0,0,0,0.118523,0.141271,0,0,0,0,0,0,0,0,0,0,0,0,0,0,0,0,0,0,0,0,0,0,0.315674,0.463298,0,0,0,0.389572,0,0,0,0,0,0,0,0,0,0,0.0476583,0,0,0,0,0.177505,0,0,0.0398547,0,0,0,0,0,0,0,0,0,0,0,0,0,0,0,0,0,0,0,0,0,0,0,0,0,0,0,0,0,0.166757,0,0,0,0,0,0.191398,0,0.181016,0,0,0,0,0,0,0,0,0,0,0,0,0,0,0,0,0,0,0,0
0.0889043,0.0832758,0,0,0.228866,0.272279,0.0790223,0.060924,0.297359,0,0.22757,0,0,0.174372,0.0547766,0,0,0.160534,0.113874,0,0.171918,0.124778,0,0,0,0,0,0.11395,0.120319,0.0870866,0.294763,0,0.15636,0.265624,0.0666307,0,0,0,0.269638,0,0.155258,0.145302,0.20147,0.199804,0.164959,0,0,0.173867,0.181962,0.200263,0,0,0,0.30487,0,0,0.286586,0.245376,0.131586,0,0.117182,0,0.134486,0.175573,0.0769491,0.110241,0.0998059,0,0,0,0,0,0,0,0.20537,0.228266,0.211338,0.11947,0,0.109659,0,0,0,0,0,0.155992,0,0.0575347,0,0,0,0.0855758,0,0.0416698,0,0,0,0,0,0,0,0,0,0,0,0.364965,0,0,0,0.34078,0,0.125333,0,0.257501,0,0.0653335,0,0.0645358,0.0361128,0.291952,0.251853,0,0.141989,0.139097,0,0,0.0301398,0.193611,0.118713,0.0943598,0,0,0,0,0,0,0.164005,0,0,0,0.112438,0,0,0.214733,0,0.0437967,0.0983931,0.0606817,0.153885,0,0,0.118727,0.214966,0,0.157763,0,0.130306,0,0.0857877,0.188105,0.130008,0,0.150534,0,0,0,0.215768,0,0.0945361,0,0,0,0.0355806,0,0,0,0.0707205,0,0,0,0.0234105,0,0.18634,0,0
0.0742203,0.0694506,0,0,0.196039,0,0,0.0506047,0,0.340865,0.194882,0.22003,0.174372,0,0,0.0804353,0.0840683,0,0,0.0868751,0.145715,0.10485,0,0,0,0,0,0.0955629,0.101022,0.0726789,0,0.340444,0,0.229091,0,0.115921,0,0,0,0.261575,0.131192,0,0.171698,0.170226,0,0.117238,0.155527,0.147421,0.154515,0.170631,0,0,0,0,0,0,0.248145,0.210828,0.110709,0,0.0983315,0.115007,0.113209,0.148914,0.0641007,0.0923901,0,0.0509875,0,0,0,0,0,0,0.175147,0.195503,0.180437,0.100293,0.0763884,0,0,0,0,0,0.114115,0,0,0,0,0,0.0325171,0,0,0,0,0,0,0,0,0,0,0,0,0,0.474831,0,0,0.281894,0,0.298107,0.0601442,0,0.236954,0,0,0.0543105,0.030639,0,0.0298624,0.253046,0.216656,0,0.119689,0.117189,0,0,0.0248965,0.16476,0.0996442,0.0788527,0.150796,0,0,0,0.155552,0,0,0,0,0.190305,0.0942691,0,0.162087,0,0.0760267,0.0362664,0.0822834,0.0504012,0,0.187122,0.0614222,0.0996564,0.183658,0.103815,0,0.113106,0,0,0.071578,0.159912,0.109349,0.124033,0,0,0.119681,0.213101,0,0.132777,0.0790026,0,0,0.145043,0,0,0,0.0344319,0,0.0369258,0,0.0179264,0,0.083825,0,0,0
0.0215245,0,0,0,0.0627117,0,0.018976,0,0,0,0.0622807,0,0.0547766,0,0,0.0234386,0,0,0.0281547,0,0.0447102,0,0.0361222,0.0566146,0,0,0,0,0,0,0.0861105,0,0.0401065,0,0.0158384,0,0.0478745,0,0.0768329,0,0,0,0,0,0,0.0351599,0.0481037,0,0.0477509,0.0534354,0.0427614,0.036588,0.057894,0.0899759,0.0587089,0.0886845,0,0,0,0,0,0,0.0338434,0,0,0,0,0,0.0152662,0,0.00522972,0,0.0180148,0,0,0,0,0,0.0221902,0.0270157,0.0247747,0,0,0,0,0,0,0,0,0,0,0,0,0,0.0409336,0,0,0,0,0,0,0,0,0.127166,0,0,0.0852673,0,0,0,0,0,0,0,0.0105812,0,0.0085982,0.0153142,0,0,0,0.0217346,0,0,0,0,0.00695703,0,0,0,0,0,0.0433268,0,0,0,0,0,0,0,0,0,0.050403,0,0,0,0,0,0,0,0,0,0,0,0,0.03381,0,0,0.0207162,0,0.0325903,0,0.0384151,0.011658,0,0,0,0,0,0.0139499,0,0,0,0.0370071,0,0.00968987,0,0.010411,0,0,0,0,0,0,0
0,0,0,0.0532411,0,0.13417,0,0,0,0,0,0.124502,0,0.0804353,0.0234386,0,0,0,0,0.0457652,0,0,0.0644144,0,0.0756064,0,0,0,0,0.0380072,0,0.206476,0,0.130286,0,0,0.084564,0.039496,0,0.151513,0,0.0657779,0,0.0937222,0,0,0,0.080176,0,0.093966,0.0758446,0.0652204,0,0.153721,0,0.151668,0,0.118687,0,0,0,0,0,0.0810526,0,0,0,0,0,0.0439448,0,0.00901232,0,0.0302663,0,0,0,0.0532037,0.0400234,0.0485346,0,0.046997,0,0,0,0,0,0,0,0,0,0,0,0,0,0.0743214,0,0,0,0,0.0810882,0.0883841,0.125135,0.211147,0,0,0,0.165195,0.0926902,0,0,0,0,0,0,0.0281356,0,0,0.0152799,0,0,0,0,0,0,0,0.0127072,0.0904451,0,0,0,0,0,0.0376833,0,0,0,0,0,0,0,0,0,0.101732,0,0,0,0,0,0,0,0,0,0,0,0,0.0584285,0,0,0,0,0.0666228,0,0,0.0641378,0,0,0,0,0,0.0459459,0,0,0,0.0745783,0,0.0305558,0,0.0320542,0,0,0,0,0,0
0,0,0.0191303,0,0,0,0,0,0.155347,0.21479,0,0.129844,0,0.0840683,0,0,0,0.0767304,0,0.0479139,0,0,0,0.103693,0,0,0,0,0.056106,0.0398067,0,0.214474,0,0,0.0300904,0.0648585,0,0.041363,0,0.157805,0.073966,0.0687984,0,0.0978913,0,0,0,0,0,0,0,0,0.105917,0,0.10733,0,0,0,0,0,0,0,0,0,0.0349622,0.0510939,0.0459684,0.0276339,0,0,0.0100329,0.00945253,0,0.0317114,0,0,0,0,0,0,0.0466865,0.0492004,0,0.0324409,0,0,0.0129577,0.0258446,0,0.0518055,0,0,0,0.0185461,0.0760228,0.0777015,0,0,0,0,0,0,0,0,0,0,0,0,0,0,0,0.0586225,0.141086,0.130976,0,0,0.016444,0,0,0,0,0,0,0.0656098,0,0,0.0133254,0,0.0553032,0.0433186,0,0,0,0,0.0887856,0.13438,0,0,0,0,0.0521814,0,0,0,0,0,0,0.0273084,0.0732499,0.108547,0,0.0553103,0,0,0.0752762,0,0,0,0.0391827,0,0,0,0,0,0,0,0.106799,0.074919,0.0434042,0,0,0,0,0,0,0.0185133,0.0320143,0.0198779,0.0335817,0,0,0,0,0,0
0,0,0.032307,0.0917426,0,0,0.0600004,0,0.239445,0.318917,0.17977,0,0.160534,0,0,0,0.0767304,0,0.0872577,0.0793135,0,0,0,0,0.128093,0,0.140583,0,0.0923534,0.0662632,0.237183,0,0,0,0.0504284,0.106125,0.142312,0,0.215467,0,0.120282,0.11227,0.158031,0,0,0,0.142925,0.135371,0,0.157033,0,0,0,0.246005,0.170687,0.243072,0,0,0,0,0,0,0,0,0.0583946,0.0843928,0.0761951,0.0463909,0,0,0.0170525,0,0.0570822,0,0,0,0,0,0,0,0.0773471,0.0813711,0.136189,0,0,0,0.0219781,0.0434413,0,0,0,0,0.0535357,0,0.123455,0.126038,0.10859,0,0,0,0,0,0,0,0,0,0,0,0,0,0.0547697,0,0.219469,0.205084,0,0,0.0278231,0,0,0,0.200276,0,0.109614,0,0,0,0,0,0.0910821,0.0719344,0,0,0,0,0.142948,0,0,0,0,0,0,0,0,0,0,0,0,0,0.119175,0,0,0,0.169234,0.0949325,0,0,0,0.0724214,0,0,0,0,0,0,0,0,0,0,0.0720721,0,0,0,0,0.112541,0,0.0312786,0.0535807,0.033552,0,0.0162592,0,0,0,0,0
0.0465122,0,0,0,0.1292,0,0.0411295,0,0.17462,0,0.128375,0,0.113874,0,0.0281547,0,0,0.0872577,0,0.0547219,0.0940274,0.0665291,0,0,0,0,0,0,0.0639998,0.0455179,0.172832,0,0.0847964,0,0.0344576,0,0,0,0.155804,0,0.0841485,0,0,0,0.0898795,0.0747674,0,0,0,0.111256,0,0,0,0,0,0.177495,0.167236,0,0,0,0.0622272,0,0.0720786,0,0.0400072,0.0583261,0,0.0316561,0.0332355,0,0,0,0,0,0,0,0,0,0,0.0580003,0,0,0,0,0,0,0,0,0,0,0,0,0,0,0,0,0,0,0,0,0,0,0,0,0,0,0.171299,0,0,0,0.0374783,0.0668453,0.158922,0,0,0,0,0.0333381,0,0.170902,0.144047,0.0469545,0.0764072,0,0,0,0.0152978,0,0,0,0,0,0,0,0,0,0,0,0,0.125116,0,0,0.105308,0,0,0,0,0,0,0,0,0,0,0.0658445,0,0.0720102,0,0,0,0,0,0,0.0813802,0.0254901,0,0,0,0,0,0,0,0,0,0,0,0.021237,0,0,0,0,0,0,0,0,0
0,0,0,0,0,0.144237,0,0.0283955,0.160117,0.220908,0,0.133955,0,0.0868751,0,0.0457652,0.0479139,0.0793135,0.0547219,0,0.0855246,0.0603473,0,0,0,0,0,0,0.0580383,0.0412022,0,0.220586,0,0.140109,0.0311564,0.0670709,0,0,0,0,0.0764636,0.071135,0,0,0,0.0678757,0,0,0,0,0,0,0.109366,0,0.11082,0,0,0.127764,0,0.0681248,0.0564209,0.0665134,0.0654173,0.0875371,0.0361942,0.0528633,0.0475692,0.0286153,0,0,0,0,0,0,0.104283,0,0,0.0575998,0,0,0,0,0,0,0,0,0,0,0,0,0,0,0,0,0,0,0,0,0,0,0.0875752,0.0953942,0,0,0,0,0,0,0,0,0,0.060636,0,0.135118,0,0,0,0,0.0165973,0,0,0.0425087,0,0.067846,0,0,0.0138059,0.0976012,0,0.0448315,0,0,0,0,0,0,0,0,0,0,0.0539863,0,0,0,0,0,0,0,0,0,0,0,0,0,0,0,0.0632275,0,0.0405573,0,0.0630713,0,0.0739277,0,0.0693711,0,0,0,0,0,0,0,0,0,0,0,0.0331461,0,0,0,0,0,0,0,0
0.0730508,0,0,0,0.193351,0,0.0648056,0,0.254726,0,0.192206,0,0.171918,0.145715,0.0447102,0,0,0,0.0940274,0.0855246,0,0.103252,0,0,0,0,0,0.0940913,0.0994754,0.0715318,0.252369,0,0.130196,0.226077,0.0545114,0,0,0,0,0,0.129251,0,0,0.167818,0.137592,0,0,0,0.152288,0.168219,0,0,0,0.261561,0,0,0.24496,0.20799,0,0,0.0968218,0,0.111499,0,0.0630798,0.0909624,0,0.0501642,0,0,0,0,0,0,0.172684,0.192821,0,0,0.0751875,0.0904718,0,0,0,0,0,0,0,0,0,0,0,0,0,0,0,0,0,0,0,0,0,0,0,0,0,0.317012,0,0,0,0,0.0591824,0.103723,0.233868,0,0.0368989,0.0534366,0.0301339,0.052776,0.0293696,0.249819,0.21376,0.073726,0.117894,0,0,0,0.0244836,0,0,0,0,0,0,0,0,0,0,0,0,0,0,0,0,0,0,0,0,0.049587,0,0,0,0,0,0.102231,0,0,0,0.0781387,0.070447,0.157623,0.107691,0.122182,0.125201,0.0405442,0.117887,0.21024,0,0.130815,0,0,0,0,0,0,0,0.0338664,0,0.0363209,0,0.0176271,0,0.0825177,0.156089,0,0
0,0.047964,0,0,0.141337,0.171847,0,0,0,0.258757,0.140447,0.159966,0.124778,0.10485,0,0,0,0,0.0665291,0.0603473,0.103252,0,0,0,0,0,0,0.0665757,0.0705078,0.0502474,0,0.258398,0.0932086,0.167083,0,0,0,0,0,0,0.0925029,0.0861608,0,0,0,0.082274,0.110575,0.104521,0.109817,0.121943,0,0,0.131325,0,0,0,0.182198,0,0,0,0,0.0806478,0.0793385,0.105633,0.0441907,0.0642968,0.0579277,0,0,0,0,0,0,0,0.125366,0.140925,0,0,0.0528773,0.0639399,0,0,0,0,0,0,0,0,0,0,0,0,0,0,0,0,0,0,0,0,0,0,0,0,0,0.2417,0,0,0,0,0.0414087,0.0736199,0,0.161312,0,0.0373201,0.0208904,0,0.0203556,0.186119,0.157327,0.0518252,0,0.0822386,0,0,0.016943,0,0,0,0,0,0,0,0,0,0,0,0,0,0.0656458,0,0,0,0,0,0,0.034589,0,0,0.0423065,0,0,0,0.0941082,0,0,0.0550049,0,0.113863,0.0765342,0.087243,0.0894866,0.0282001,0.0840581,0,0.132388,0,0,0,0,0,0,0,0,0,0.0404973,0,0.0424619,0,0,0,0,0,0
0,0,0.0282033,0.0807188,0,0,0.0525701,0.0402652,0,0,0.160033,0,0,0,0.0361222,0.0644144,0,0,0,0,0,0,0,0.146867,0,0,0.124495,0,0,0.0581052,0,0,0,0,0,0,0.126055,0.0603319,0.192731,0.218029,0,0,0.140272,0.139024,0,0,0.126609,0.119796,0.125756,0.139368,0.113588,0.0982392,0.149861,0.220954,0.151762,0.218234,0,0,0,0,0,0,0,0,0,0.0741801,0,0,0,0,0.0148567,0.0140012,0,0,0,0,0,0,0,0.0737726,0.0679238,0.0714955,0.120533,0.0475209,0,0,0,0,0.213981,0.0751877,0,0,0.046866,0.0273498,0.109078,0.111399,0,0,0,0,0,0,0,0,0,0,0.210981,0.236047,0,0,0,0.0848063,0,0,0,0,0.0242746,0.042708,0,0,0,0,0,0,0,0,0,0,0,0,0,0.135285,0,0.0576203,0,0,0,0,0,0,0,0,0,0,0,0,0,0,0.105237,0.153397,0,0,0,0.0835607,0.108045,0,0,0.0635568,0.0572114,0,0,0.100275,0,0.0327289,0,0,0.151048,0,0,0,0,0,0,0,0,0.0273018,0.0469057,0.0292949,0.0491652,0,0,0,0,0,0
0.0917762,0,0.0444102,0,0,0,0.0816036,0,0,0,0,0,0,0,0.0566146,0,0.103693,0,0,0,0,0,0.146867,0,0,0,0,0,0,0,0,0,0,0,0,0,0.187636,0,0,0,0,0,0,0.205451,0.16983,0.143393,0.188401,0.178945,0.187222,0,0,0.148541,0.220142,0,0,0.308928,0,0,0,0.143877,0,0,0,0,0,0,0,0,0.0664799,0,0.0235801,0,0.0777215,0,0,0,0,0,0,0,0,0,0.179972,0,0,0,0,0,0,0,0,0,0,0,0,0,0,0,0,0,0.18076,0.195119,0.263426,0.400932,0,0,0,0,0.203465,0,0,0,0,0,0.0468254,0.0675004,0.0383129,0.0666781,0,0,0,0,0,0,0,0,0,0,0,0,0,0.20034,0.172213,0,0,0,0,0,0,0,0,0,0.196026,0,0,0.0452839,0,0.0627047,0,0,0,0.122433,0.220923,0,0.162462,0,0,0,0,0,0,0,0.155058,0.051399,0,0,0,0,0,0,0,0,0,0.150042,0,0.0430137,0,0,0,0,0,0,0,0,0
0,0.0652344,0,0.0944577,0,0,0,0.0474742,0,0,0,0,0,0,0,0.0756064,0,0.128093,0,0,0,0,0,0,0,0,0.144513,0.0899146,0,0,0,0,0,0,0,0,0,0.0708683,0,0,0,0,0,0,0,0.110465,0.14691,0.139179,0,0,0.132118,0.114588,0,0.252019,0.175288,0,0,0,0,0.110852,0,0,0,0.140602,0,0,0,0,0,0.0785619,0,0.0165892,0,0.0547251,0.165657,0,0,0,0,0.0864404,0,0,0,0.0559533,0,0,0,0,0,0.0880754,0,0,0,0.0323243,0,0,0,0,0,0,0,0.152427,0.209682,0.331769,0,0,0,0,0.159308,0,0,0,0,0,0,0,0,0,0.0279772,0,0,0,0,0,0,0,0.0233173,0,0,0,0.142397,0,0,0.0677173,0,0,0,0,0,0,0,0,0,0.173605,0,0,0,0,0,0,0,0.0937912,0.173803,0.0977319,0,0,0,0.0746118,0,0.151096,0,0.11692,0,0,0,0.202058,0,0,0,0,0,0,0,0,0.130044,0,0.0552352,0,0,0,0,0,0,0,0
0.0449075,0,0.0211669,0,0,0,0,0,0,0,0,0,0,0,0,0,0,0,0,0,0,0,0,0,0,0,0,0,0,0,0,0,0,0,0,0,0.0970437,0,0,0,0,0,0.108394,0.107395,0,0,0,0,0,0,0,0.0750796,0.116099,0,0,0,0,0.135457,0,0,0,0,0,0,0,0,0,0,0,0,0,0,0,0,0,0,0,0,0,0,0,0,0,0,0,0,0,0,0,0,0,0,0.0353428,0,0,0,0,0,0,0,0,0,0,0,0,0,0,0,0,0,0.0361735,0,0,0,0,0.0325842,0,0,0,0.165752,0,0,0,0.0722303,0,0,0,0,0.0609516,0.0478049,0.0943213,0.104403,0,0.0435738,0.0975006,0.146849,0,0,0,0,0,0,0.101891,0,0.046036,0.0215936,0.049958,0.0301889,0.0805748,0.118949,0,0,0,0,0.0827857,0.06959,0,0.048137,0.04326,0.100427,0,0,0.0786719,0.024592,0,0.137059,0.117055,0.0823961,0.0478988,0,0,0,0,0.0759048,0,0,0,0,0,0,0,0,0,0,0
0,0,0,0.104059,0,0,0,0,0,0,0,0,0,0,0,0,0,0.140583,0,0,0,0,0.124495,0,0.144513,0,0,0,0,0,0,0,0,0,0,0,0,0.0782791,0,0,0,0,0.177507,0,0,0,0,0,0,0,0,0,0,0,0,0,0,0,0,0,0,0,0,0,0,0,0,0,0,0,0,0,0,0,0,0,0,0,0,0,0,0,0,0,0,0,0,0.0496276,0,0,0,0,0,0.0358601,0,0,0,0,0,0,0,0,0,0,0,0,0,0,0.174233,0,0,0,0,0,0.0389961,0,0,0,0,0,0.223576,0,0.124002,0,0,0,0,0,0.10332,0.0818312,0.156031,0,0.146644,0,0,0,0,0,0,0,0,0,0,0.189567,0.0789075,0.0377021,0,0.0523661,0,0.193332,0,0,0,0.107626,0,0,0.113604,0.0823793,0,0.165403,0.113338,0.12848,0,0,0,0.21994,0.19051,0.137488,0.0819862,0,0,0,0,0,0.142693,0,0.0611187,0,0,0,0,0,0,0,0
0,0.0434707,0,0.063608,0.129284,0.157671,0.0411591,0,0,0,0,0,0.11395,0.0955629,0,0,0,0,0,0,0.0940913,0.0665757,0,0,0.0899146,0,0,0,0,0,0,0,0,0,0,0,0,0,0,0,0.0842063,0.0783839,0.112076,0.111047,0.0899408,0.0748192,0.100837,0.0952599,0.100138,0.11133,0,0,0.120007,0.179935,0.121583,0,0.16734,0.139914,0,0.0750917,0,0,0,0,0,0,0.0525525,0.0316791,0,0,0,0,0,0,0.114494,0.128902,0.118214,0,0,0,0,0,0,0,0,0,0,0,0,0,0.0200555,0,0,0,0,0,0,0.0792212,0,0,0.0963257,0.104836,0,0,0.35507,0.223314,0,0,0,0.205479,0.0375054,0.066892,0.159023,0.147849,0,0,0.0188831,0,0.0183987,0.171009,0.144139,0,0,0.0747868,0,0,0.0153091,0,0.063136,0.049543,0,0,0,0,0,0,0,0,0,0,0,0,0,0,0,0,0,0.0313076,0,0,0,0,0,0.0658906,0.0856812,0.0720603,0,0.0498866,0.0448407,0.10387,0.06956,0,0.0814363,0,0.0764551,0,0,0,0,0,0,0.0936309,0,0,0,0.0212526,0,0,0.0384632,0,0.0118506,0,0,0,0
0.0493571,0,0,0,0.136379,0.166026,0.0436602,0,0.18379,0.250884,0.135515,0.154472,0.120319,0.101022,0,0,0.056106,0.0923534,0.0639998,0.0580383,0.0994754,0.0705078,0,0,0,0,0,0,0,0.0483051,0.181929,0.250532,0.0897625,0,0.0365935,0.0782692,0.106085,0,0.164183,0,0.0890804,0.0829514,0,0.117276,0,0,0,0,0,0,0,0,0,0.189205,0,0,0,0,0,0,0.0659668,0,0.076362,0.10178,0.042472,0.0618467,0,0,0,0,0,0,0,0.0385509,0,0,0,0,0.0508387,0.0615025,0,0,0,0.0394312,0,0,0,0,0,0.0626982,0,0,0,0.0226124,0,0,0,0,0,0,0,0,0,0,0,0,0.180333,0,0,0,0,0.0708414,0.167436,0.15578,0,0,0.0200589,0.0354071,0,0,0,0,0,0,0,0,0.016266,0,0,0.0525257,0,0,0,0,0,0.159711,0,0,0,0,0.0631478,0,0,0,0,0,0,0,0,0.129738,0,0,0,0,0,0,0,0,0,0,0,0,0,0,0,0,0,0,0,0,0,0,0,0,0,0,0,0,0,0,0,0,0.108618,0,0
0,0.0326112,0.0163812,0,0.0992109,0.121919,0.0308584,0.0235094,0.135732,0.189351,0.0985555,0.113018,0.0870866,0.0726789,0,0.0380072,0.0398067,0.0662632,0.0455179,0.0412022,0.0715318,0.0502474,0.0581052,0,0,0,0,0,0.0483051,0,0.134277,0.189064,0,0.118341,0.0258078,0.0559127,0,0.0355348,0.120494,0.137931,0.0638498,0.0593437,0.0856121,0,0,0,0,0,0,0,0,0.0588373,0,0,0,0,0,0,0,0,0.0469453,0.0554425,0.0545181,0.0732414,0.0300076,0.0439574,0,0,0,0,0,0,0.0293133,0,0,0,0,0,0.0360113,0.0437081,0.0401396,0,0.0729126,0,0,0,0,0,0.135113,0.0445743,0,0,0.0274419,0,0.0656453,0,0,0,0,0,0,0,0,0,0,0,0.133031,0.150604,0,0,0,0,0,0.114023,0,0,0,0,0.0137127,0,0,0,0,0,0,0,0.0114008,0,0,0,0,0,0,0,0,0,0,0,0,0,0.0449002,0,0,0,0,0,0,0,0.063225,0,0.02871,0,0,0,0,0,0,0,0,0,0,0,0,0,0,0,0,0,0,0,0,0,0,0.0594954,0,0,0,0.0170232,0,0,0,0,0,0,0
0,0,0,0,0.325492,0,0.122429,0,0,0,0.323879,0,0.294763,0,0.0861105,0,0,0.237183,0.172832,0,0.252369,0,0,0,0,0,0,0,0.181929,0.134277,0,0,0.231566,0,0.103999,0,0.266136,0,0.375104,0,0,0,0.290893,0,0.24311,0,0,0,0,0,0,0,0,0,0,0,0,0,0,0,0.17751,0,0.201687,0,0.119365,0.167674,0,0,0,0,0,0,0.116852,0,0,0,0,0,0,0,0,0,0,0,0,0,0,0,0,0,0,0,0,0,0,0,0,0,0,0,0,0,0,0,0,0,0.402022,0,0,0,0,0,0,0,0.0716083,0,0.0588688,0,0,0,0,0,0,0,0,0,0,0,0.179669,0,0,0,0,0,0,0,0,0,0,0.317466,0,0,0,0,0,0,0,0,0,0,0,0,0,0,0,0,0,0,0,0,0.195476,0,0,0.0784034,0,0,0,0,0,0,0,0,0,0,0,0,0,0,0,0,0,0,0.27133,0,0
0,0.181679,0,0,0,0.477652,0,0.136858,0,0,0,0.456276,0,0.340444,0,0.206476,0.214474,0,0,0.220586,0,0.258398,0,0,0,0,0,0,0.250532,0.189064,0,0,0,0.469213,0,0.280599,0,0.195269,0,0.513084,0,0.29353,0,0.37898,0,0.283188,0,0,0,0,0,0,0,0,0,0,0,0,0,0,0,0.278797,0,0.342314,0.169257,0.232429,0,0,0,0,0,0,0,0.155532,0,0,0,0,0.197449,0,0,0,0,0,0,0,0,0,0,0,0,0,0,0,0,0,0,0,0,0,0,0,0,0,0,0,0,0,0,0,0,0,0,0,0,0.14591,0,0,0.0838852,0,0,0,0,0,0,0,0.0705895,0.369798,0,0,0,0,0,0,0,0,0,0,0,0,0,0,0,0,0,0,0,0,0,0,0.162949,0,0,0,0,0,0,0,0,0,0,0,0,0,0.287962,0,0,0,0,0,0,0,0,0,0,0,0.156826,0,0,0,0,0,0,0,0
0.0657297,0,0,0,0.176266,0,0.0582589,0,0.23379,0,0.175201,0,0.15636,0,0.0401065,0,0,0,0.0847964,0,0.130196,0.0932086,0,0,0,0,0,0,0.0897625,0,0.231566,0,0,0.206842,0.0489502,0,0,0,0.210222,0,0.117008,0,0.15391,0.152562,0.124672,0,0.139133,0.131748,0.13821,0,0.125009,0.108305,0,0.240244,0.166301,0.237359,0,0,0,0,0.087343,0,0.100743,0,0,0,0,0,0,0,0,0,0,0,0,0,0,0,0.0676679,0.0815584,0,0,0,0,0,0,0,0,0,0,0,0,0,0,0,0,0.105597,0,0,0,0.133162,0.144407,0,0,0.442412,0,0.229657,0,0,0,0.0531715,0,0,0,0.0330717,0,0.0269887,0.047383,0,0,0,0,0.106596,0,0.157762,0,0.0219149,0,0,0,0,0,0,0,0,0,0,0,0,0,0,0,0.14512,0,0,0,0,0,0,0,0,0,0,0,0,0,0,0,0,0,0.0972624,0,0,0.0363531,0,0,0,0,0,0,0,0,0,0,0,0.0303438,0,0,0,0.015766,0,0,0,0,0
0,0.113332,0,0,0,0.344888,0,0.0836493,0,0.46968,0.293058,0.325749,0.265624,0.229091,0,0.130286,0,0,0,0.140109,0.226077,0.167083,0,0,0,0,0,0,0,0.118341,0,0.469213,0.206842,0,0,0.183378,0,0,0,0.377591,0,0,0,0.259991,0,0.185301,0.239782,0.228472,0,0.260543,0.218028,0.191616,0.277222,0,0.280205,0.377873,0,0,0,0.185895,0.157375,0.182042,0.179408,0.230563,0,0.148454,0,0,0,0,0,0,0,0,0,0,0,0,0.124069,0.147703,0,0,0,0,0,0,0,0,0,0,0,0,0,0,0,0,0,0,0,0,0.230648,0.247772,0,0,0,0.447105,0,0.402016,0,0,0,0.167791,0,0,0,0.0895467,0,0.0884814,0.0500767,0,0,0,0,0.18523,0,0,0.0418945,0.25252,0,0,0,0,0,0,0,0,0,0,0,0,0,0,0,0.277855,0,0,0,0,0,0,0,0,0,0,0,0,0,0,0,0,0,0,0,0,0.18886,0,0,0,0,0,0,0,0,0,0.21494,0,0.0967236,0,0,0,0,0,0,0,0
0,0,0.0123094,0,0.0761447,0,0,0,0.105166,0.14879,0.0756288,0,0.0666307,0,0.0158384,0,0.0300904,0.0504284,0.0344576,0.0311564,0.0545114,0,0,0,0,0,0,0,0.0365935,0.0258078,0.103999,0,0.0489502,0,0,0.0424389,0.0583271,0,0.0929905,0,0,0,0.0654777,0,0,0,0,0,0,0,0,0,0,0,0,0,0,0,0,0,0.0355511,0.0420769,0.0413657,0,0.0226268,0.0332631,0,0,0,0,0,0,0.0220994,0.0204986,0,0,0,0,0,0,0.0303446,0,0.0555834,0,0,0,0.00831899,0,0.104669,0,0,0,0.0206787,0,0.0499502,0,0,0,0,0,0,0,0,0,0,0,0,0,0,0,0.0211723,0,0.0949933,0,0,0,0.0105707,0,0,0,0,0,0.0439372,0,0,0,0,0,0,0,0,0,0,0,0,0,0,0,0,0,0.0339846,0,0,0,0,0,0,0,0.0480788,0,0,0,0,0,0,0,0,0,0,0,0,0,0,0,0,0,0,0,0,0,0,0,0,0,0,0.0119098,0,0.012794,0,0,0,0,0.0597959,0,0
0,0.0533863,0,0.0777435,0,0.188502,0,0.0387182,0,0.280977,0.154626,0.175713,0,0.115921,0,0,0.0648585,0.106125,0,0.0670709,0,0,0,0,0,0,0,0,0.0782692,0.0559127,0,0.280599,0,0.183378,0.0424389,0,0,0.0580606,0,0.211155,0,0.0954683,0,0.134214,0,0,0,0,0,0,0,0,0,0,0,0,0,0,0,0,0,0.089418,0,0.116776,0.0492085,0.071427,0,0,0,0,0,0.0134491,0,0.0446945,0,0,0,0,0,0,0,0.0688347,0,0.0457085,0,0,0,0.0365162,0,0.0724002,0,0,0,0.0262854,0,0.107425,0,0,0,0,0,0,0,0,0,0,0,0,0,0,0,0.0816937,0,0.177163,0,0,0.023327,0,0,0,0,0,0,0.0911647,0,0,0,0,0,0.0607557,0,0,0,0,0,0,0,0,0,0,0.072914,0,0,0,0,0,0,0,0,0.148174,0.0471209,0,0,0,0,0,0,0,0,0,0,0,0,0,0,0,0,0,0,0,0,0,0,0,0,0,0.0451156,0,0.0472931,0,0,0,0,0,0
0,0,0.0374794,0,0,0,0.069289,0,0,0,0.203585,0,0,0,0.0478745,0.084564,0,0.142312,0,0,0,0,0.126055,0.187636,0,0.0970437,0,0,0.106085,0,0.266136,0,0,0,0.0583271,0,0,0.0793127,0.242611,0.272248,0,0,0.179596,0,0,0,0.162828,0,0.161777,0,0.146708,0.127527,0,0,0.193582,0,0,0,0,0,0.103276,0,0.118802,0,0,0,0,0,0,0,0.0198327,0,0.0659507,0,0,0,0,0,0.0803275,0.0965476,0,0,0.155323,0,0,0,0,0,0.267538,0,0,0,0.0618894,0,0,0,0,0,0,0,0,0,0,0,0,0,0.264039,0.293068,0,0,0,0,0.246959,0,0,0,0.0323015,0,0,0,0,0,0.125557,0,0,0,0,0,0.104647,0,0,0,0.148435,0,0,0,0,0,0,0,0,0,0.169634,0,0,0,0,0,0,0,0,0,0,0,0.139803,0,0,0,0.0752893,0,0,0,0,0.0434271,0,0,0.192716,0,0,0,0,0,0,0,0,0.0362925,0,0,0,0,0,0,0.165768,0,0
0,0,0,0.049829,0,0,0,0.0244447,0,0,0,0.117088,0,0,0,0.039496,0.041363,0,0,0,0,0,0.0603319,0,0.0708683,0,0.0782791,0,0,0.0355348,0,0.195269,0,0,0,0.0580606,0.0793127,0,0,0.142753,0,0,0,0,0,0,0,0.0751748,0,0.0881871,0.0710927,0.0610902,0,0.144855,0.0965404,0.1429,0,0,0,0,0,0.0575734,0,0.0760013,0,0,0,0,0,0,0,0.00840957,0,0.0282826,0,0,0,0,0.037425,0.0454097,0,0,0,0.0289356,0,0,0,0,0,0.046308,0,0,0,0.0165165,0,0.0696578,0,0,0,0,0,0.0829171,0,0.19975,0,0,0,0.155789,0,0,0,0,0,0.118123,0,0,0,0,0.014264,0,0,0,0,0,0,0,0,0,0,0,0,0,0,0.0352312,0,0,0,0,0,0,0,0,0,0.0955262,0,0,0,0,0,0,0.0298459,0,0,0.0516444,0,0,0,0.0389563,0,0,0,0.0624097,0,0,0,0,0,0,0,0,0,0,0,0,0,0,0.0285537,0,0,0,0,0,0,0,0
0,0,0,0,0,0,0.109708,0.0852323,0,0,0.297318,0.330262,0.269638,0,0.0768329,0,0,0.215467,0.155804,0,0,0,0.192731,0,0,0,0,0,0.164183,0.120494,0.375104,0,0.210222,0,0.0929905,0,0.242611,0,0,0.382415,0,0,0.265973,0,0,0,0,0,0,0,0.221539,0.194808,0.281343,0,0,0,0,0,0,0,0.16011,0,0.182443,0,0.106923,0.151061,0,0,0,0,0,0,0,0,0,0,0,0,0.126312,0.1503,0,0,0,0,0,0,0,0,0,0,0,0,0,0,0,0,0,0,0,0,0,0,0,0,0,0,0.372584,0.406949,0,0,0,0,0,0,0,0,0.052358,0.0901469,0,0,0,0,0.192028,0,0,0,0,0,0,0,0,0,0.223915,0,0,0,0,0,0,0,0,0,0.252695,0,0,0,0,0,0,0,0,0,0,0,0,0,0,0,0,0,0,0,0,0,0,0,0,0,0,0,0,0,0,0,0,0,0,0,0,0,0,0,0.247501,0,0
0,0.132217,0,0,0,0,0,0.0981354,0,0,0.33072,0.365441,0,0.261575,0,0.151513,0.157805,0,0,0,0,0,0.218029,0,0,0,0,0,0,0.137931,0,0.513084,0,0.377591,0,0.211155,0.272248,0.142753,0.382415,0,0,0,0,0,0,0.213293,0,0.260897,0,0,0,0.220305,0,0.423832,0,0.419961,0,0,0,0,0,0.209669,0,0,0,0.172055,0,0,0,0,0,0,0,0.112212,0,0,0,0,0.144452,0.17121,0,0.166465,0,0,0,0,0,0,0,0.174142,0,0,0,0.0679723,0,0,0,0,0,0,0,0,0,0.520144,0,0,0.409515,0.44487,0,0,0,0.193768,0,0.367759,0,0,0.0606141,0,0.059124,0,0,0,0,0.213215,0,0,0,0,0,0,0,0,0,0,0,0,0,0,0,0,0,0,0,0.314433,0,0,0,0,0,0,0.117852,0,0,0.191256,0,0,0,0.149682,0,0,0,0,0,0,0.217246,0,0,0,0,0,0,0,0,0,0,0,0.113194,0,0.118251,0,0,0,0,0,0
0,0,0,0,0.175053,0.211053,0,0,0.232293,0.31036,0,0,0.155258,0.131192,0,0,0.073966,0.120282,0.0841485,0.0764636,0.129251,0.0925029,0,0,0,0,0,0.0842063,0.0890804,0.0638498,0,0,0.117008,0,0,0,0,0,0,0,0,0.108376,0.152822,0,0.123761,0,0,0.130793,0.137215,0.151851,0,0,0,0,0,0,0,0,0,0,0.0866774,0,0.099987,0.132143,0.0562505,0,0.0734484,0.0446666,0,0,0.0163999,0,0.0549835,0,0.155964,0,0,0,0,0,0.0745623,0,0,0,0,0,0.0211411,0,0,0,0,0,0,0,0,0,0.104808,0,0,0,0,0,0,0,0,0,0,0,0,0,0.0527513,0,0.212747,0.19869,0,0,0.0267696,0,0,0.227686,0,0.0658251,0.105801,0,0,0,0.021736,0,0,0,0,0,0,0,0.138155,0,0,0,0,0,0,0,0,0,0,0,0,0,0,0,0,0,0,0,0,0,0,0,0,0,0,0,0,0,0,0,0,0,0,0,0,0,0,0,0,0.0300983,0,0.0322888,0,0.0156366,0,0,0,0,0
0,0,0,0,0.164074,0.198359,0,0,0,0.293919,0,0,0.145302,0,0,0.0657779,0.0687984,0.11227,0,0.071135,0,0.0861608,0,0,0,0,0,0.0783839,0.0829514,0.0593437,0,0.29353,0,0,0,0.0954683,0,0,0,0,0.108376,0,0,0.141728,0,0.0965785,0.129107,0.122179,0,0.142077,0,0,0,0,0,0,0,0,0,0,0,0.0946987,0,0.123453,0,0.0757336,0.0683143,0.0414543,0,0,0,0.0143139,0,0,0.145971,0,0,0,0,0,0,0.0729972,0,0,0,0,0,0.0388059,0,0,0,0,0,0,0,0,0,0.102119,0,0,0,0,0,0,0,0.275404,0,0,0,0,0,0.0865616,0.199977,0.186564,0,0,0.024811,0,0,0.214263,0.182091,0.0611887,0,0.0965376,0,0,0.0201381,0,0,0.0644635,0,0,0,0,0,0.191096,0,0,0,0,0,0,0,0,0,0,0,0,0,0,0,0,0,0,0,0,0,0,0,0,0,0,0,0,0,0,0,0,0,0,0,0,0,0,0,0,0.0479176,0,0,0,0.0156059,0,0,0,0
0.087402,0.0818601,0.0421887,0.117594,0,0,0.0776727,0,0,0,0.224302,0,0.20147,0.171698,0,0,0,0.158031,0,0,0,0,0.140272,0,0,0.108394,0.177507,0.112076,0,0.0856121,0.290893,0,0.15391,0,0.0654777,0,0.179596,0,0.265973,0,0.152822,0,0,0.196833,0.162401,0.13693,0.180336,0.171199,0.179196,0.197287,0,0.141883,0.211072,0.300924,0.213554,0.297595,0.28278,0.241932,0,0,0,0,0.132325,0,0.075632,0.108421,0.0981392,0.0603118,0,0.0982274,0,0,0,0,0.202336,0.22499,0.208239,0.117517,0,0,0,0,0,0,0,0.153548,0,0,0,0,0,0.0841246,0,0.0409298,0,0,0.138466,0,0,0,0.172952,0.186833,0.253151,0.38812,0.519255,0.360644,0.288678,0,0,0.336594,0.0710178,0.123299,0.27059,0,0.0444887,0.0642014,0.0363848,0,0,0.288104,0.248348,0,0.139727,0.136874,0,0,0.0295982,0,0.116772,0.0927747,0.175007,0,0.1647,0,0.180364,0,0,0,0,0,0,0,0.18771,0.211598,0.0894982,0.0430206,0.0967475,0.0596251,0.151468,0.215684,0.072509,0.116786,0.211829,0.121563,0.155295,0.132208,0,0.0933887,0.0843331,0.185268,0,0.144679,0.14816,0.0488458,0.139718,0.244436,0.212622,0.154622,0.0929483,0,0,0,0,0.143329,0,0.040859,0,0.0437972,0.0727669,0.0213407,0.0229869,0,0,0,0
0.0865772,0.0810829,0.041771,0.116521,0,0.266557,0.076932,0.0592816,0,0,0,0.250104,0.199804,0.170226,0,0.0937222,0.0978913,0,0,0,0.167818,0,0.139024,0.205451,0,0.107395,0,0.111047,0.117276,0,0,0.37898,0.152562,0.259991,0,0.134214,0,0,0,0,0,0.141728,0.196833,0,0.160993,0.135707,0.178806,0.16973,0.177674,0.195647,0.16141,0,0.209347,0.298743,0.211815,0.295428,0.280679,0.240032,0,0,0,0,0,0.171404,0.0749091,0.107421,0.0972239,0.0597259,0,0,0,0,0,0,0.200665,0.223185,0.206532,0.116445,0.0890715,0,0,0,0,0,0,0,0,0,0,0,0,0,0,0,0,0,0,0.143137,0,0,0.171472,0.18526,0.251193,0,0.516662,0.358253,0.28655,0.316988,0,0.334279,0.0703356,0.122181,0,0.251981,0.0440493,0.0635802,0.0360224,0.0628026,0,0.285978,0,0,0.138483,0.135652,0,0,0.0293014,0.189112,0.115705,0.0919042,0,0,0.163276,0.0841148,0,0.257598,0,0,0,0,0.109569,0,0.186131,0.209871,0.0886555,0.0425951,0.0958437,0.0590454,0.150138,0.213933,0,0.115719,0.2101,0.120458,0,0,0.127047,0.0925131,0.0835346,0.183705,0.126754,0.143399,0.146854,0.0483655,0,0.242523,0.210889,0.153269,0.0920764,0,0,0,0,0,0,0,0.0688333,0.0433643,0.0720692,0.0211248,0.0227548,0.0976123,0,0,0
0.069757,0.0652539,0,0,0.18572,0,0.0618587,0.0474887,0,0,0,0,0.164959,0,0,0,0,0,0.0898795,0,0.137592,0,0,0.16983,0,0,0,0.0899408,0,0,0.24311,0,0.124672,0,0,0,0,0,0,0,0.123761,0,0.162401,0.160993,0,0.110496,0.146951,0.139217,0.145984,0.161381,0.132155,0.114621,0.173198,0.252079,0.175334,0.249098,0.235887,0,0.104298,0.110883,0.0925632,0,0.106671,0,0,0,0,0.0478491,0.0501944,0.0785851,0,0,0.0588558,0.0547416,0.165701,0.185206,0.170764,0.0944216,0.0718048,0.0864657,0,0,0,0,0,0.124369,0,0.0448112,0,0,0,0,0,0,0,0,0,0,0,0,0.140699,0.152468,0.209735,0.33184,0.4582,0.306354,0,0,0.159351,0.284314,0,0.0991945,0.225084,0.210429,0.0351733,0.0509785,0.0287152,0.0503467,0.0279859,0,0.205528,0.070404,0.112824,0.11045,0.166424,0.0607887,0.0233246,0.155768,0.0938069,0.0741331,0,0,0,0,0,0.215387,0,0,0,0.180219,0,0,0,0.173651,0,0.0340016,0,0,0.122627,0.177169,0,0.0938184,0.173849,0,0.125833,0,0.103253,0.0746339,0.067262,0.151137,0.103009,0.116953,0,0,0,0,0,0,0.0742747,0,0,0,0.02757,0.115826,0,0.0322779,0.0552519,0.0346213,0.057889,0.016787,0.0180885,0.0788333,0.149655,0,0
0.0578133,0.0540364,0,0,0,0.190466,0,0.0391971,0,0,0.156305,0,0,0.117238,0.0351599,0,0,0,0.0747674,0.0678757,0,0.082274,0,0.143393,0.110465,0,0,0.0748192,0,0,0,0.283188,0,0.185301,0,0,0,0,0,0.213293,0,0.0965785,0.13693,0.135707,0.110496,0,0.123545,0.116875,0.122711,0.136044,0.1108,0.0957867,0.146329,0.216173,0.148193,0.213495,0.201665,0.16976,0,0.092599,0,0.0904649,0,0.118101,0,0,0,0,0,0.0652359,0,0,0,0.0452438,0.139799,0,0.144207,0.0786118,0.0595329,0.0718822,0,0,0,0,0.0897436,0,0.0186412,0.0369689,0,0,0.0250792,0,0,0,0,0.108657,0,0.0975896,0,0,0.118151,0.128316,0.178421,0.288962,0.408989,0.265461,0,0.231036,0.134281,0,0,0,0.192035,0.179036,0.0289666,0.0421045,0.0236202,0.0415779,0.0230172,0.2059,0,0.0583565,0.0942539,0.09223,0.140428,0.0502975,0.0191672,0.131174,0.0780911,0.0614897,0,0,0,0,0.123565,0,0,0,0,0,0,0,0.128962,0.146724,0.0592459,0,0.0642176,0,0.102629,0.149796,0,0.0781009,0.146897,0,0,0.0889287,0.0861049,0.0619107,0.0557199,0.127164,0.0858974,0.0977776,0,0.0318541,0,0,0,0.104892,0,0,0.0681374,0.114923,0,0,0.109019,0.026568,0.0456698,0.0285091,0.0478728,0.0137784,0.0148502,0,0.125883,0,0
0.0784189,0.0734007,0.0376608,0.105868,0,0,0.0696133,0.0535446,0,0,0,0.230424,0,0.155527,0.0481037,0,0,0.142925,0,0,0,0.110575,0.126609,0.188401,0.14691,0,0,0.100837,0,0,0,0,0.139133,0.239782,0,0,0.162828,0,0,0,0,0.129107,0.180336,0.178806,0.146951,0.123545,0,0.155067,0.162458,0.179228,0.147337,0.128087,0.192053,0,0.194366,0.273482,0,0,0,0.123971,0,0,0,0,0,0,0.0881591,0.0539484,0.0565749,0.0882393,0.0199304,0.0187883,0,0.0616626,0.183921,0.205043,0.189414,0.105798,0.0806989,0.0969861,0,0.0940652,0,0,0,0,0.0256655,0.0505438,0,0,0,0,0.0621814,0,0.141701,0.144603,0,0.13041,0,0,0.156686,0.169529,0.231453,0.360436,0,0.333851,0,0,0.177021,0.310719,0,0,0,0,0.0397242,0.0574527,0.0324587,0.0567454,0.0316374,0.264471,0.226937,0,0.126109,0.123494,0,0.0684189,0,0,0.105118,0,0,0,0,0,0,0.237515,0,0,0,0,0,0,0,0.192543,0,0.038407,0.0868953,0.05333,0.136887,0.196353,0.0649476,0.10513,0,0,0.140408,0,0.115557,0.0838468,0.0756393,0.168078,0.115288,0,0.133848,0,0.126101,0,0,0,0.0834473,0.0518845,0,0,0,0.129413,0.145065,0.0364684,0.0622332,0.0391037,0.0651805,0,0.0204758,0,0,0,0
0.0739794,0.069224,0,0.100043,0,0,0.0656368,0.0504363,0,0,0,0,0.173867,0.147421,0,0.080176,0,0.135371,0,0,0,0.104521,0.119796,0.178945,0.139179,0,0,0.0952599,0,0,0,0,0.131748,0.228472,0,0,0,0.0751748,0,0.260897,0.130793,0.122179,0.171199,0.16973,0.139217,0.116875,0.155067,0,0.154056,0.170135,0.139587,0,0,0.264203,0.184678,0.261129,0,0,0,0.117281,0,0,0,0,0,0,0.083218,0.0508179,0.0533005,0.0832941,0.0187348,0.01766,0.0624627,0,0.174641,0.194952,0.179918,0.0999766,0.076141,0.0915999,0.0844666,0.0888253,0,0,0,0,0.0241344,0,0,0,0,0,0,0.0343753,0.134201,0.136974,0.118217,0,0,0,0.14853,0.160831,0.220422,0.346026,0.473955,0.319972,0,0.281184,0.168017,0.297372,0,0,0.236319,0,0.0373865,0.0541304,0.0305349,0.0534617,0.0297608,0.252383,0.21606,0.0746625,0.119319,0.116827,0,0,0.0248114,0,0.0993297,0.078598,0,0,0,0,0,0,0,0,0,0,0,0,0.161611,0,0,0,0,0.0502335,0,0,0.0612201,0,0.183132,0.103489,0,0,0,0.0791264,0.071345,0.159441,0.109008,0.123652,0.126702,0.0410778,0,0,0,0,0,0,0.0869241,0,0,0.12247,0.137415,0.0343154,0.0586517,0.0368011,0.0614405,0.0178647,0,0,0,0,0
0.0778619,0.0728766,0.0373816,0,0,0.244575,0.0691142,0,0.268043,0,0,0,0.181962,0.154515,0.0477509,0,0,0,0,0,0.152288,0.109817,0.125756,0.187222,0,0,0,0.100138,0,0,0,0,0.13821,0,0,0,0.161777,0,0,0,0.137215,0,0.179196,0.177674,0.145984,0.122711,0.162458,0.154056,0,0.178093,0,0,0,0,0.193159,0.271949,0.257942,0.219583,0.115916,0.123134,0,0,0,0,0,0,0.0875396,0.0535552,0.0561637,0,0,0.0186463,0,0.0612168,0.182763,0.203786,0,0.105069,0,0,0,0,0.154968,0.0625811,0,0,0,0,0.267007,0,0,0,0,0.0362607,0,0.143649,0,0.129536,0,0,0.155667,0.168443,0,0.358656,0,0.332134,0,0,0,0.309066,0.0631424,0.110314,0.246454,0.230823,0.0394303,0,0.0322168,0.056333,0,0.262969,0.225583,0,0.12526,0.12266,0,0,0.0261865,0.172019,0.104393,0,0,0.173103,0.148092,0,0.162484,0.236118,0.145121,0,0.132478,0.198421,0,0,0.169252,0,0,0,0.0862838,0.052941,0.135977,0,0.0644796,0.104405,0,0.108738,0.139477,0,0.114769,0,0.0751005,0,0.114502,0,0.132954,0.0433144,0,0.221924,0.192294,0.138861,0.0828579,0,0,0,0,0.128544,0,0.0361977,0,0.0388142,0.064711,0.0188623,0.0203213,0,0.165393,0.0803594,0
